5299622573
4718532442
4717883585
14712397870
5302961024
4891465543
4577446919
5074947635
5246596177
5246602885
4717890929
5115555184
5013783785
4509676636
5076479262
4702305358
4258332169
4854507776
5654701829
5042312871
6234523226
4801465257
5040632681
4718522240
4636943669
4652416284
4939039185
4926230417
4764078472
24944968204
15142770467
4855335391
5061060954
5655321646
7955680688
7264107036
5417882085
4884036260
4753040144
5253301898
4762862754
5211125136
10665788355
5190836353
4637407340
5621744963
5082860598
5640698853
5641299472
4817035833
4406277349
4969007056
27784221338
5640653171
4688761932
4730229224
4938614390
4403215805
5304222339
5620053522
4370169044
5640717191
4737018806
5822864061
4370169274
4370168802
4485749091
6234003059
23221362761
5093244919
4370168920
4857752139
4969514564
4596921682
4370169354
41652130761
5456658499
4523446309
5037291304
5302366529
14712430559
4848141286
4646010482
4701670173
4577421027
4926829062
5075544408
4694049675
4856543492
4562628470
4748201518
4517639704
4532192451
4856440130
5169307383
5183679224
5028118132
4814059280
4853868797
4529435405
15142514759
5603168293
15711476385
4639651861
4373381244
5287504409
4604747369
4743108972
5260162536
8360581275
4928599833
4628969057
5018224290
5755907748
4506905237
4853842075
4421501575
4882990682
5148300910
4782185508
4911415374
14898725472
13347338213
4728155261
14712430349
4838954770
4717881047
9320834788
5451142654
8210450105
5075391662
5445124208
4718530366
4858373812
4883429687
4907254386
4940603364
5542283263
27784220718
4884028218
4773922140
5383764662
5614317067
5581162325
6300021255
4629581716
5457382298
5041462719
4816455575
5494473183
5497544188
4784355445
4782186000
4357845285
4728803194
9203727252
5497126741
4728807116
4890962725
5495809803
5102547450
5256463082
5618107969
4596586799
5191481675
4764831139
4660359685
5278968385
5256855830
4717042344
5018747453
5353086731
4583706885
5451140586
5018229896
4729251516
4995399143
4651650841
5496953619
5030410415
4747198284
4510773115
5047689344
4455268814
4752402645
5042313125
5640667857
5432102182
4577111136
4935061518
8469524575
4362579179
4403980068
4858310313
5075879665
4981737185
4403980242
4577437743
5047078548
5183080055
5227260156
5253201174
13928789018
5183079259
4530949752
5351692322
4509688736
4651122625
4859033189
4846805712
14476526970
5252591451
5353086729
5495807469
4657610063
4713475743
4652312302
4487320623
14662794192
4403215713
5489239801
5619463099
4637563948
4509037821
4695420612
5490555903
5253301006
4992188659
4463120324
5491740058
4434451790
5176863010
5542863004
4852355741
14112392632
5253201450
4991512188
4321577132
5076337634
4693373268
4494294836
5497578938
5183081461
4852351173
5113623433
4737015532
4730227550
4872694681
4531327570
4891465537
4748366791
7296844728
4407501160
5252592627
4595977628
4473123906
4810261099
5365000901
8662063475
4973031372
4533272328
4369420855
5654690483
4293356857
4842788488
4434454424
5261892784
4717876343
5013781473
4717874291
4505867255
4503649940
4992796382
4577465541
8236389236
33366069204
4855799061
4636950725
7278852268
4524165701
5014386366
4647901825
5353076871
14476729687
11787330406
5931024911
5491916979
5456775707
5396104433
5353082247
5353076867
5252689435
5253200976
5216704320
4972413295
4852968688
4796707869
4767001331
4651599021
4583706995
4413109977
4413878518
4403980126
5939180611
6193070282
5329090327
6064696721
5697363570
5959928484
6621119521
5987470652
5960919661
5696788025
6066046663
9101943319
7410092734
6332099213
5850193044
8038211194
5672431452
5937010551
5937569374
5491525808
6293233918
5946871142
5549262529
5603536562
5961474940
5628831183
6104381956
6037273052
6292706389
5940147368
5530121871
5939914952
6359526311
6138228614
5491203538
6648974629
5602955997
5683751914
5895692226
5411166529
5602922575
6344662882
6337486389
5582681191
7273111140
6505615771
5870094849
6358566459
6449738985
5776110822
6332064065
6241176688
6505603577
6796794795
6554415365
6277374729
6264256945
6108097791
6066472705
5768813565
6215091884
6445472291
5769357680
5651001452
5922258665
6034586493
15623297951
6048099564
5996409767
6739559899
5560446258
6047549057
6214743478
5846272532
6047547631
5479241895
6308029154
5960916221
3811002710
5602404119
6052413388
5456357746
6164261965
6763526539
5848104623
8298920394
6137682349
6602372449
5435210343
9250136920
6294405643
16430622885
6052413214
6703224619
6227926564
6176133570
6017045648
5825723509
5826276864
6505614081
11118095685
5826277382
5445384138
5737125517
5813379760
6254859056
6176376775
5587750767
5578307005
5599510090
5696809247
5846290232
5914178017
6188488044
5602921499
5579283434
5826491339
5872464183
6214225047
5769359002
5603502054
5913125874
5775569671
5846274336
5996961690
5996962212
6267717531
5923277252
5697384070
6263866468
6307873740
5895683982
6066577532
5996412687
5825725099
6052413312
5602929231
6102814784
8254872726
5415503298
5914369514
5922254077
5529098778
6105704520
6295332185
5922836740
5653106417
5808264512
5602951285
6103830655
6325709959
5602947629
6335632048
5889667444
5602959355
5845720711
5603503990
5602405777
5696809703
6155706685
5473706372
5591423854
6263047602
6358132503
5946261523
5602993578
5380672143
6936570995
8409301392
5473640538
5520335566
6048100894
5488505233
6234820868
5823466730
5826283508
6214226383
6554413727
10978248296
8409297888
10978386613
6240655189
6903980379
5952257613
5958432526
5760805843
6335630460
7898319530
8609149683
5937012031
6047547929
5490607739
7898318536
5937010337
6305924793
5827946183
10977995534
5764479858
5864941877
10977996125
10977811316
6309550568
6131732514
6086354680
6131840135
5900898833
6781191894
6307818337
6103660207
10977932714
8357703769
6528897893
6207983905
10978209536
5845733023
10978056183
5473044965
5710097806
5559302398
5828496688
5561968615
5490612689
43979958491
7006642423
6936565297
5937569028
10978128976
7410083140
5473705114
16133238498
6277374811
10977917244
5559304958
5996405441
9247345615
6323696181
6047545087
6335614988
7898319212
5996405965
5765582424
6554404857
6188487808
6191024640
5828489850
5606507588
7330869052
6554416229
5934772324
6308338742
5996965996
6161187824
5611032216
5922812946
6069951984
5562546786
6131840255
6065586591
8216939976
5545102677
5894456892
5820166149
5953283121
6171318208
5996408703
5996963262
5650316982
6554407039
5822903873
6021010691
5765577354
6086353794
5996413839
5403509214
5996967150
6554406325
6248024324
5845719475
6505612517
6248022210
5685617632
6203041481
6048099844
6173603842
5846288514
6124141242
5995150365
6790450756
6123600089
5922808694
6264259873
15129988879
5685616390
5545681140
5765033335
6046978224
6048102424
5703946608
6505605959
5747081225
6264786058
5953288633
8253785075
8253777865
8253796077
6047550901
5650427107
6505618295
5651005338
25790173894
26328786141
15832894396
28702883525
20457824761
6263338679
6263050006
6164261039
6061430672
6029133055
5996410907
5922827340
5909380901
5846290326
5837289828
5826278064
5719822970
5676414338
5458230615
5403510606
16143015830
8041261520
8041252965
7026272689
7859256046
8049024904
7671516168
8339449118
7988766262
7155764159
8645533365
29247416821
6912314608
6886086866
6872788739
7893784942
15342856265
7104752883
6683526847
7616090266
6906452767
8275656543
8007955378
6719589021
15319820466
6660287261
7106021199
8007965732
7436606388
8456342833
7701122154
7946525196
7864661714
8123168204
8268209872
6862124966
7170434575
7956971240
7913344456
7182543774
7322907084
7187865505
8640680467
7158370820
8045340495
8030014911
8507172243
8248794445
8641784016
7795789838
8557165377
8751970186
8238047033
7322916870
7322858008
7124817289
8105259037
8641784590
6760522443
8409056194
6774706700
8558275072
8558279106
8557166975
8248794255
8248793703
8007564411
8752041052
8047871509
8047876121
7222783384
8508278854
8239117978
8047888572
7788035036
8218128722
8183742088
8310963577
8104063052
7020642611
40890962924
7440736680
8125138958
8184663091
8214348918
8193452879
32751852290
8069029977
8595224847
8376572693
7767338742
7104752423
7414121724
8377648520
8392658989
7414125460
7652968604
15156152430
4484942833
11606923383
8203302862
8170849469
7801149116
7088336067
10129640544
8321931874
8464615241
7521700108
7852634550
7188747210
6743366175
8361980228
6743327697
25696979152
8360916073
6743269341
8071957302
8870805953
7859254928
8476178390
6743297965
9281692908
7322914864
6990026789
6743307145
8871413550
8225435582
6743709471
6743622431
6743652197
7322911314
7182542144
7322868032
9281706622
8185317915
6947541354
8507171199
6905813039
7744415142
6743630485
8182410465
7720648870
6743696823
7380267986
8080853435
7222774370
6743346553
6743611025
7940073338
8252134233
8582302517
8007195343
6743314433
7322893282
8175168516
14611196634
6915252899
8870800495
8238048619
8456342173
7176327412
7322849172
7170109876
9278906593
6855340994
6838448654
6743617075
8304991111
7295911354
6743663665
6665558759
9278917449
8047879764
8252135091
6743702571
6743657933
6743692315
7295907106
24584666407
8456342497
6831917850
9734904090
9281708066
8852693797
7913343668
6743645717
6895039153
7814827594
6743638079
7913342000
6967114314
7454133410
7322901068
8041262428
6967119380
8986408858
6921355835
7186608508
8103116876
7661876480
8104064728
8304989171
7546961188
8853350210
8641784206
8319726532
7163848535
8339453528
8853268048
6743677493
8086924061
7638158034
6895067065
9278888965
8852733915
6683073691
8316624967
8184698472
6967115890
8853349132
7710810140
8238049949
7980061641
8852681659
7113193567
6862281599
7851513384
7356342880
8193955380
8123290624
7113187383
7113193321
6895039339
7171262302
8853294848
8026084460
8465711832
6822432554
8169749259
8852677787
8069028137
7859255340
7873681740
8239119262
6967116974
7954568226
8047877189
7182544374
8253307398
7899356704
7231436830
6632996667
7179860494
8222633554
7322881608
8080855716
7623751884
7766255768
6834119491
8049011384
7322851664
8049060840
8213261661
8170880072
8852678407
9278903983
9518625538
7397984168
8248794775
6798375763
8007969110
8853294186
8852759747
7380264824
8852756639
8853296160
8047874921
8155130578
8852674959
7560481242
7809611610
9278901027
8080852594
8852695109
8047880107
7187762527
6912314054
8223926764
8852760877
6967118410
7109337091
8646631398
8853292256
8049003461
8852761477
7438684248
8853848970
8360915765
8047875376
8184689494
8853352038
8152219669
7322845092
7247812256
8853351458
8047886758
8853376254
7269688352
8853849780
8853350936
7322885450
7222786096
7938997320
8646632120
8196616667
8214657643
7796647064
7463019756
8853377998
6743672799
8047876695
8010089701
8852762607
8310960081
8268206794
8853369716
7595014758
8106207187
7555616516
8853753118
8047877968
7246379802
8853835870
7113188059
6967123224
6912315780
7873732738
8853230659
7357165838
7616093992
8853847466
7113188523
7359518792
8407960741
7594084656
8047883699
8853232093
8640679657
8047880324
8452970977
7357103492
8026085142
6967113700
7440117608
8852753103
8870799735
7222781076
6967112334
7357051080
8407960993
8007971916
7909990044
27297515892
8557171255
8253337018
7440117008
7295097688
9114361759
8197599360
7720350402
7380266936
6743137369
8080856717
8853373648
7356930282
9281709824
7113198195
6967116436
7813839124
8852653703
7171716663
8196506427
7357045868
6760522643
7171716143
7356931964
8080853138
7182544952
8853752162
7996064480
8249861292
8853370686
7357111578
6760523033
6942827692
7357104890
8641739952
25037796541
8107001684
8508280864
6906446967
8184657163
8853371700
7171717735
9278894949
8080855535
7380265924
7171836095
7443687510
7171891307
7414128518
8853366424
40710212415
8361977726
8871412850
8558277732
7357101778
7357123684
8853826256
8217046661
8853716956
8252244013
8047878225
8853083615
8750847551
8465717330
7171972755
8853204351
8253324882
8248794157
7171401511
8508278426
8853851432
8853825156
8465717018
7104752655
7357047384
8853821350
8252247395
8248793533
8640682775
7171893143
8047878877
7171907527
8047879477
8853227273
40890964944
7357119456
8853706446
8853705518
8214349074
8853088333
8640682579
8507172921
8080850344
8047873257
8640682397
7712038070
7357196392
31687327036
8870810719
8853850592
8853290436
8465716712
8306134454
8252261527
8253311564
8249861202
8249861002
8249860814
7813840310
7605801774
7179860348
6967116608
6967110112
7001059905
6821876300
16143015830
8041261520
8041252965
7026272689
6784887320
7859256046
8049024904
7671516168
8339449118
7988766262
7155764159
8645533365
29247416821
6912314608
6886086866
6872788739
7893784942
15342856265
7104752883
6683526847
7616090266
6906452767
8275656543
8007955378
6719589021
8099148995
15319820466
6660287261
7106021199
8007965732
7436606388
8338403513
8456342833
7701122154
7946525196
7864661714
8123168204
8268209872
6862124966
7170434575
7956971240
7913344456
7182543774
7322907084
7187865505
7182543102
8640680467
7158370820
8045340495
8030014911
8507172243
8248794445
8641784016
9278918703
7795789838
8557165377
8751970186
8238047033
7322858008
7124817289
8239117732
8105259037
8641784590
6760522443
8409056194
6774706700
8558275072
8558279106
8557166975
8248793703
8007564411
8752041052
8047871509
8047876121
7222783384
8508278854
8239117978
7788035036
7063227809
8218128722
8183742088
8310963577
8104063052
7020642611
40890962924
7440736680
8125138958
8184663091
8214348918
8193452879
32751852290
8069029977
8595224847
8376572693
7767338742
7104752423
7414121724
8377648520
8392658989
7414125460
7652968604
15156152430
4484942833
7804928556
11606923383
8203302862
8170849469
10129640544
8321931874
8464615241
7521700108
7852634550
7188747210
6743366175
8361980228
6743327697
25696979152
8360916073
6743269341
8071957302
8870805953
7859254928
8476178390
6743297965
9281692908
7322914864
6990026789
7401225590
8871413550
8225435582
6743709471
6743622431
6743652197
7322911314
7182542144
7322868032
9281706622
8185317915
6947541354
8507171199
6905813039
7744415142
6743630485
8182410465
7720648870
6743696823
7380267986
8080853435
7222774370
6743346553
6743611025
7940073338
8252134233
8582302517
8007195343
6743314433
7322893282
8175168516
14611196634
6915252899
8870800495
8238048619
8456342173
7176327412
7322849172
7170109876
9278906593
6855340994
6838448654
6743617075
8304991111
6743663665
6665558759
9278917449
8047879764
8252135091
6743702571
6743657933
6743692315
7295907106
24584666407
8456342497
6831917850
9734904090
9281708066
8852693797
7913343668
6743645717
6895039153
7814827594
6743638079
7913342000
6967114314
7454133410
7322901068
8041262428
6967119380
8986408858
6921355835
7186608508
7661876480
8104064728
8304989171
7546961188
8853350210
8641784206
8319726532
7163848535
8339453528
6877479775
8853268048
6743677493
8086924061
7638158034
6895067065
9278888965
8852733915
6683073691
8316624967
8184698472
6967115890
8853349132
7710810140
8238049949
7980061641
8852681659
7113193567
6862281599
7851513384
7356342880
8193955380
8123290624
7113187383
7113193321
6895039339
7171262302
8853294848
8026084460
8465711832
6822432554
8169749259
6743687653
8852677787
7859255340
7873681740
8239119262
6967116974
7954568226
8047877189
7182544374
8253307398
7899356704
6632996667
7179860494
8222633554
7322881608
8080855716
7623751884
7766255768
6834119491
8049011384
7322851664
8049060840
8213261661
8170880072
8852678407
9278903983
9518625538
7397984168
8248794775
6798375763
8007969110
8853294186
8852759747
7380264824
8852756639
8853296160
8047874921
8155130578
8852674959
7560481242
7809611610
9278901027
8080852594
8852695109
8047880107
7187762527
8852749487
6912314054
8223926764
8852760877
6967118410
7109337091
8646631398
8853292256
8049003461
8852761477
7438684248
8853848970
8360915765
8047875376
8184689494
8853352038
8152219669
7322845092
7247812256
8853351458
8047886758
8853376254
7269688352
8853849780
8853350936
7322885450
7222786096
7938997320
8646632120
8196616667
8214657643
7796647064
7463019756
8853377998
6743672799
8047876695
8010089701
8852762607
8310960081
8268206794
8853369716
7595014758
8106207187
7555616516
8853753118
7246379802
8853835870
7113188059
6967123224
6912315780
7873732738
8853230659
7357165838
7616093992
8853847466
7113188523
7359518792
8407960741
7594084656
8047883699
8853232093
8640679657
8047880324
8452970977
7357103492
8026085142
6967113700
7440117608
8852753103
8870799735
7222781076
6967112334
7357051080
8407960993
8007971916
7909990044
27297515892
8557171255
8253337018
7440117008
7295097688
9114361759
8197599360
7720350402
7380266936
6743137369
8080856717
8853373648
8105255799
7356930282
9281709824
7113198195
6967116436
7813839124
8852653703
7171716663
8196506427
7357045868
6760522643
7171716143
7356931964
8080853138
7182544952
8853752162
7996064480
8249861292
8853370686
7357111578
6760523033
6942827692
7357104890
8641739952
25037796541
8107001684
8508280864
6906446967
8184657163
8853371700
7171717735
9278894949
8080855535
7380265924
7171836095
7443687510
7171891307
7414128518
8853366424
40710212415
8361977726
8558277732
7357101778
7357123684
8853826256
8217046661
8853716956
8252244013
8047878225
8853083615
8750847551
8465717330
7171972755
8853204351
8253324882
8557165715
8248794157
7171401511
8508278426
8853851432
8853825156
8465717018
7104752655
7357047384
8853821350
8252247395
8248793533
8640682775
7171893143
8047878877
7171907527
8853227273
40890964944
7357119456
8853706446
8853705518
8750918561
8214349074
8853088333
8640682579
8507172921
8080850344
8047873257
8640682397
7712038070
7357196392
31687327036
8870810719
8853850592
8853290436
8465716712
8306134454
8252261527
8253311564
8249861202
8249861002
8249860814
7813840310
7605801774
7546959950
7179860348
6967116608
6967110112
7001059905
6821876300
8420328926
9737548475
8683583407
10639342866
11293080796
8837286378
11727307744
9762384221
9218518148
15147845869
10432264675
9109617777
9510330622
9490682861
9694800819
8565156799
8722066145
8665243018
9400318756
8423498963
15673199189
9503600873
12093051166
9582099295
10038683953
12093098574
12093306316
12093308226
12093333926
9694795441
12093367366
12092654585
12092948783
12093284586
9397484841
12093023694
8791441342
12092684135
12093309026
12092941903
12092787004
15822578877
9762653923
9502581435
9502575859
13653328524
12092927733
8604796486
13653014613
11614570945
14490572145
9472292561
10126691024
10126701494
8572228691
14304304278
11965572423
14490965305
9392122599
10881166284
11435481274
9401574261
9790581896
11823495803
9475082356
9790596446
13652991705
9303131503
14418374717
9333736170
9327613675
19801595141
9330041496
9330945793
9333732140
9330219370
9330942205
19171149004
16573378149
9330200642
18293230993
10047438594
9898518454
8725864709
10548393283
9920934273
9502184218
9113439064
8571811122
8579101931
12845081425
9596511479
8371472828
10405552865
8630052384
7215393774
11129904563
9956018916
12673814285
8676134231
10781967093
9045366629
9229909220
9629482853
8352031723
8466474091
13653011253
8604785220
13653000685
9376317181
9698028084
8603679619
8467571442
9047726904
9240546256
9330411502
9084873766
8467568796
9223753973
8603683115
9223922571
9182569278
8467570968
13652981373
13652994095
9694797749
8953477079
8466474543
11164337343
10216282063
11614563095
9330054922
11012548586
11898717514
8672182893
8637702324
8711547685
9103795733
9130318027
8673286994
14604193222
9334221444
10335621606
9074615104
8466477865
9113080610
10578480434
8603684271
9386695951
9694796145
10126693124
12092721305
10047465685
11578035563
8677610975
12093097864
9074640576
8534894389
10369794243
13231199493
12092958073
12092961413
12092478345
12093003353
12093346316
10335624316
10126820756
12092652595
9570163775
12093042034
10578474806
9333742772
10786196403
10578474316
11700018836
8637698698
9415980273
10578697393
10578481754
12093357906
12093090194
9739753790
12093101384
13212781665
9330197562
8704684614
9591840337
8918187375
12092684785
11293295515
8914075017
10216194106
8467567072
13653025883
12687615463
9513557129
12093336196
15831467889
9159932068
12092935373
8605812714
15713156524
8672190235
12093285706
11164358543
11435621003
12092647735
12092661985
9178058640
14418193828
10578700023
8596318950
11578600586
14604207912
12093295036
9327246639
14418388717
9727533501
14303969929
8672166379
9379118210
11418862856
9730760740
14602797284
10216149634
12093027213
12092943493
10216352303
9526141896
10216330633
12093277406
14602786584
12093012874
12093014634
14604789495
9376329249
12092944643
10216347033
8405115410
10305127356
11164328113
9159929338
9730759384
10578698273
9490670387
12092940123
10786133295
8456640620
12093013964
10786034135
10216158114
14418195279
10578486134
9215746027
14398458611
12093017144
14601523621
9401592927
10216248236
11002748023
9395916792
12093281996
10578709283
14581786716
9905043163
9432805757
10216349633
9205496046
10067256824
10216338303
9330941053
9790646214
10038612126
10216274626
8487183765
14332716776
26771855256
10517850285
14604773855
8496674644
8466471323
14189720154
9331435001
13019745775
8466478303
14490896535
10216228335
8704684016
11493796235
9400292338
10216163474
10720859264
10216335413
14304329550
9072392001
10216167434
10369579845
8747095915
10873930865
16149709137
9392121297
9818629923
9074635126
10216345153
14602796944
10216351003
13652981745
13652989375
14418390167
9313666434
9327254871
10788493863
10224078036
10216285406
9730762052
14604788195
12092941023
14604199032
9762657833
8537902790
8829992366
10216278256
10216348623
9330947837
10216157014
9591649050
14581763326
9685553064
10216355633
9727532627
9727533871
9331432339
9468777648
9730768714
8703561035
14418199699
8988073027
10216246986
10216224216
9475083888
11855923925
10216168714
9330202120
11412498015
13653297364
10216328643
8466475311
10216258305
9762661053
10216238835
9727535941
10578702293
10216222236
9562471912
8466473061
9327413395
13653299464
8467572234
8466472195
10126823676
13653351284
10369598776
13653010573
14418381237
10126742285
9392122849
14624858013
14624848043
10216166504
14624848383
10216202155
9729602232
10216194525
10216309463
10216273036
10126753585
11164229025
9726376857
8722066423
9726374835
9694259062
10216193465
9726374197
13652998445
29009636312
19287326859
19605743270
18726201158
14418151910
13653343944
9964361353
9730763026
9606209287
9523359573
9489496188
9331430123
9327615515
9327257385
9299620024
9111840878
8988101157
8711047015
8670559274
8659440172
8467573914
9588887269
9563165389
8672183141
9256410720
9435582236
12092681695
8552100613
9318038078
8673283674
9130319985
12092696593
9297411196
12093327266
12652433853
14796813251
15555619069
14091195084
15425595220
15929651851
14504360576
15339982837
14017120344
15851580968
14754316574
14019014353
15339999037
12397221803
16693769247
24391875421
16416884310
14309137139
14305712644
15109541337
15158542459
12125395165
14055931053
14305802373
14872435225
14488717616
14831182091
31795477654
14551724662
14693933551
14835117208
15236745895
14007244037
11757344683
15050182108
14644804983
15613777261
12866076994
14472930773
14849455106
14510451129
15891304921
15467192178
14404406664
14979739842
15273649903
15133844565
15902600842
14430153933
19952312805
15922188056
12691922133
16449596316
15763137578
15948478221
18054547486
27240117660
15464205722
13914524231
14217767735
12044909224
14107614154
13090281375
14326464733
35309019934
12865962244
12780240495
15354730424
12126067316
15406256117
12126545306
14008279801
15149460069
14565503020
15913768862
16064170743
12780361933
16035228491
15211982351
11740877136
35309022764
13387026984
15458316257
15620582826
33336780160
13338574935
15613763161
14835878010
14328106496
15024139713
14241101037
12757254485
12538497113
15894710083
14995684884
15202215180
15617265302
13857213215
35758706330
12780364563
14281190502
28583118816
15451540745
15945628211
14572425112
14343806727
15019382648
12337933483
16476720432
13924113361
15546296402
15441445606
14254438119
16451545866
14775074708
11955548914
12338225404
14169202112
32515964971
14991216760
16476743512
16449773788
14867553036
14223333489
14924673714
15399678618
13667695953
14925200223
16475640105
16289755937
16475808011
15855610613
15947976785
15431920469
14426055676
16473950721
12485127594
14106157127
16289706607
15545413415
14236235473
15341948433
15545372855
15184220284
15032184030
12343499083
13938034664
16265884779
15359426937
16289971278
15815865764
16451533276
14925317203
15214959784
15359262568
14819952577
15369283066
14925236113
16289990558
14059631410
15855022854
15546312562
16290131190
15855614893
15328374673
12866054984
15542807361
14835901726
15866379591
16288217360
16451693116
16290262170
14119604779
15783001221
16475962871
15114967227
14188031547
16288257490
13923522437
16475803561
13667995804
15546285252
15457757759
12865635623
16452151345
14278441959
16493819462
16094941956
13313061333
14995683344
12356718004
13668011194
14504357746
15521701146
16477648535
27912327236
12538584603
12179247223
15236386932
15430319458
15884454295
15033200593
21867371689
15191961295
34442295273
14180131131
24474285285
31826470733
15617262212
14995687834
22054268805
14835016869
15019452831
26895233334
26895232724
15521733236
27405406642
14996288823
14996291613
14835212277
15511088986
14697109875
27482097336
29129270073
23620480512
15490281371
16805991469
19461824645
14605347588
15154086641
19274278030
16310604254
16421008307
16627197141
16628291415
16553889122
15855489043
15649634578
15836626462
15620581116
15205064527
15022159992
14785073617
14814277336
14802754623
14596196188
14782423452
14408849284
12421496033
16986810920
16631167080
17902642248
40245924114
20010749103
28309869516
22302395419
16817466918
40667982135
38979193170
18091498421
23344580962
20755379318
16706252902
20297751175
22031109424
22963313786
16193731013
23888990696
21410286300
22439557937
23203820861
16916912769
23753464244
20975412604
22640269112
23619374340
24381652225
16673185710
16757904838
24472698244
19133041539
16325538443
19711024189
18161331470
16962421879
23785819160
21017388936
18396278450
19748180748
21586946252
20062427184
17061104385
17736775711
19899283615
17016275766
18132002280
16422117193
19228330420
18972446214
19408493609
19586433181
19228335888
21389117692
19594983745
23577738040
21856334083
17938158161
18434578665
22229329191
21708192801
22589011324
24569244614
23370824419
44136982355
17294888221
17019930899
22864836645
15776769213
17492113181
29233863716
22159143135
22874126013
22627813106
21569405020
16613657094
22665001141
16809556509
27742312044
44645162862
37276316900
24086073980
22465885870
23865398945
15764994164
24089977285
25495358650
26102739822
37215669524
19470231162
17101322882
37041005493
21509507519
22640270582
16282390607
15799565094
20693212010
23786796969
22465879670
23461743974
22465936080
22640280012
23485713840
22338097251
24299188301
25928752012
17385371931
28186315975
16639101435
21438028122
21422769896
23915080325
23703333993
22071036363
17995239854
22243772293
23294016984
22676880180
23915093065
24766043370
16187376427
16252514407
23794581301
21829683151
16817472181
22665073141
22032721943
21508410270
2448499025
31389452945
27905191110
22876047571
21661026561
24622349131
21727354368
17113958874
24299184101
22659318743
23154235056
24074980346
24273436472
22104064630
16554560256
17875108933
17042238195
19871474486
29665831401
21854755624
22290730939
22477547355
21127016429
22279206382
18655238876
24540648311
32131140952
21676619116
18970131268
20031990195
18434554545
20105506276
17813897113
22031038244
21671058993
29121909761
19077405028
23213597504
16977954431
21866350124
16809547489
22229321121
21261168738
20586606483
20008945164
22488374611
21854761564
20322316623
23827101646
19588192852
21856236103
22290738069
21389156912
18265448148
21287619280
20684633790
19660306532
31470252923
20378874308
19599153071
17016262626
20350391830
18231172845
18974013273
21287849538
22289722408
21247086440
21464661632
21262104059
22595626516
20826299504
21260936470
21287617550
22553502093
21766804211
19641203016
20974228191
21438019452
19529961988
21199150513
17126198042
21572136616
21410358548
20975540714
19070400782
16941847326
21744579622
21508516988
21287853238
21279156260
20826303784
20826303104
21457506671
20826300254
21457503561
21448995495
21438031222
21457487591
20872723535
20453329859
20443619120
19945986443
20461319872
19839597263
20464614781
20443613901
19863248380
19647753011
19568926626
18972482784
19599375531
19406993080
18972372484
19588004282
19406888140
19568639646
19409465292
18685870071
17624795703
17710114386
17175805680
16511376253
16924156627
16943991000
17048155101
16422123463
16422106563
16419795954
16819016279
16198623613
17061106665
29321922971
27472373061
27324687736
29574533800
26630156895
28498698224
29098495166
30009186543
28923746953
26630149225
27081395453
26901634434
39368330952
27362349641
28906535204
26662100637
26732005883
28550278900
26718291223
40106455292
27391742016
31366877196
30614654880
28829066520
29084549676
29873932650
27535635751
27907287633
31366874266
29163729956
28792926952
30430137435
31258813152
30133155420
27537082842
29584039852
29614466641
29404559060
26296505966
28000631313
26385907036
29069134994
31660680945
30133153550
30343705581
29093811236
26230046052
30564842070
26054713721
28536860676
29069139054
27537089832
29158385043
28363645706
28709299293
28690148971
30808218522
44215534664
33709172286
28508560884
34910720474
36433172563
36078042411
28994485134
25814226930
31594383543
27594044331
27594053071
26709954362
33789526620
27385266339
27594053931
24645334481
24694960396
27594054801
27633371616
33727173536
27958247829
24738854585
27594044991
36207565763
24621044582
26417642550
30227115493
33999142645
24712630656
24738851215
31034000990
32995541393
27705420812
26719803051
25900588366
29684846973
27594047771
28347104332
27594055611
27594051661
26499331743
27088355361
26429331684
29955634753
32285043121
27254529871
44424221071
29069181724
31216443111
30759909210
26810817981
26348827996
25719690203
27939013070
28222407015
26333903735
27594043051
30343706271
30430135485
26241522302
27226587322
25662577891
29556502506
25456955610
29070721243
35033627775
29614468431
29584037492
29614466091
27322395630
28434951635
28385445691
29155003215
27911339853
30356992933
26061034900
29144112840
26307986046
25227849150
26061033520
25731177893
26267681481
28923006413
26333927525
26267751781
26230047192
30539058450
26061082990
26308012086
25729084394
30539058350
26061085470
26241570132
26267731371
26333986645
26334016045
27952252284
29926307904
27370936775
28553641613
28336458371
30264999141
24783688089
27238628505
28365311763
26661093412
29490233051
29451202511
26754662005
27068010584
27929789874
30043846881
26356768870
30043872891
26972020421
31258815832
29094758281
28374283921
30777960591
29798538163
26946160922
27401915400
29988375646
30549451496
30482911242
29163729896
29876623875
29695575135
29614470541
29614467431
29122386726
29069136234
29802170214
31210310940
32121879656
30208152344
30208152184
28767329385
27999809314
31350066973
28450254144
29054122391
27999812274
30043849871
27040486545
29189496202
29009276990
29120025371
25398043013
25394733494
25398003553
25394690744
25932642901
25394622224
30776977184
27472373061
27324687736
29574533800
26630156895
28498698224
29098495166
30009186543
28923746953
26630149225
27081395453
26901634434
39368330952
27362349641
28906535204
26662100637
26732005883
28550278900
26718291223
40106455292
30053868261
27391742016
31366877196
30614654880
28829066520
29084549676
29873932650
27535635751
27907287633
31366874266
29163729956
28792926952
30430137435
31258813152
30133155420
27537082842
29584039852
29614466641
29404559060
26296505966
28000631313
26385907036
29069134994
31660680945
30133153550
30343705581
29093811236
26230046052
30564842070
26054713721
28536860676
29069139054
27537089832
29158385043
28363645706
28709299293
28690148971
30808218522
44215534664
33709172286
28508560884
34910720474
36433172563
36078042411
28994485134
25814226930
31594383543
27594044331
27594053071
26709954362
33789526620
27385266339
27594053931
24645334481
24694960396
27594054801
27633371616
33727173536
27958247829
24738854585
27594044991
36207565763
24621044582
26417642550
30227115493
33999142645
24712630656
24738851215
31034000990
32995541393
27705420812
26719803051
25900588366
29684846973
27594047771
28347104332
27594055611
27594051661
26499331743
27088355361
26429331684
29955634753
32285043121
27254529871
44424221071
29069181724
31216443111
30759909210
26810817981
26348827996
25719690203
25876692213
27939013070
28222407015
26333903735
27594043051
30343706271
30430135485
26241522302
27226587322
25662577891
29556502506
25456955610
29070721243
35033627775
29614468431
29584037492
29614466091
27322395630
28434951635
28385445691
29155003215
27911339853
30356992933
26061034900
29144112840
26307986046
25227849150
26061033520
25731177893
26267681481
28923006413
26333927525
26267751781
26230047192
30539058450
26061082990
26308012086
25729084394
30539058350
26061085470
26241570132
26267731371
26333986645
26334016045
27952252284
29926307904
27370936775
28553641613
28336458371
30264999141
24783688089
27238628505
28365311763
26661093412
29490233051
29451202511
26754662005
27068010584
27929789874
30043846881
26356768870
30043872891
26972020421
31258815832
29094758281
28374283921
30777960591
29798538163
26946160922
27401915400
29988375646
30549451496
30482911242
29163729896
29876623875
29695575135
29614470541
29614467431
29122386726
29069136234
29802170214
31210310940
32121879656
30208152344
30208152184
28767329385
27999809314
31350066973
28450254144
29054122391
27999812274
30043849871
27040486545
29189496202
29009276990
29120025371
25398043013
25394733494
25398003553
25394690744
25932642901
25394622224
25780141605
36981397270
26309143859
36988425240
25142962838
36626876694
34460984073
36101649863
33015644890
36052448423
35599071004
33420472766
36664446094
36101647513
34545069400
36491406586
34042152213
33570400773
36101648243
34222304372
32099425643
33209540033
32913814645
36582750205
34953766752
24378689998
38851879610
34642004886
36185940490
24064582888
36973902890
35560292825
35483685121
36272676035
38851885520
34674276260
32741019343
34323408356
27842052709
36767459261
36680117403
34682381475
35219714420
35530817115
37209994585
35896148616
33376091750
35144433882
26437929819
25791365517
24176456377
33306043156
36812288250
36965940801
41337050691
36750167750
36272677215
34393874946
36992354353
38315667724
32419199821
36231301256
34591569672
33626065104
39834677072
37856557636
33694924260
38911189154
44120023925
39619205401
37278508052
35847794111
35260832152
37048584672
30539105108
35170162063
34720256021
34682380165
37236316794
32564751934
36976271482
38880804292
34474444943
35243963366
36231302396
34222305002
34768316862
33620652821
36231303236
36272674775
32732093415
37368469236
32645314143
33733626285
35854658515
37342954072
36333997013
33700925114
36808187880
35854658305
43214147490
23910029478
24997571937
34731734236
34122522933
36105212363
37039756332
36603968763
37325646706
36373134394
35170297353
32352300430
37325650896
34885423314
34042171083
26516984519
36105216313
34393883666
36680125463
35730627263
34768311472
36465037560
32842299303
34545074740
26790765718
27506603289
37034005472
35938898636
35270392665
37578475842
35980651285
35532381590
35285568853
36205188873
34249811511
31802694144
27842053389
37205639755
37038049242
33317471821
34222305812
33694918850
34768318922
33570400583
38494311906
35468479313
33570378703
35308933643
36117127175
34121663453
36680121973
34222304732
34121669603
34222304532
38494311076
37266161206
36688509463
33570400293
34222304852
36272676545
33570377743
34891562206
37313567131
37034071022
27506591829
34891408576
37077985481
35930733152
27506592859
33201458972
34222305242
36395605703
34222303852
39761743111
39767025495
33570378913
36324424590
36981397270
26309143859
36988425240
25142962838
36626876694
34460984073
36101649863
33015644890
36052448423
36324424590
35599071004
33420472766
36664446094
36101647513
34545069400
36491406586
34042152213
33570400773
36101648243
34222304372
32099425643
33209540033
32913814645
36582750205
34953766752
24378689998
38851879610
34642004886
36185940490
24064582888
36973902890
35560292825
35483685121
36272676035
38851885520
34674276260
32741019343
34323408356
27842052709
36767459261
36680117403
34682381475
35219714420
35530817115
37209994585
35896148616
33376091750
35144433882
33502048883
26437929819
25791365517
24176456377
33306043156
36812288250
36965940801
41337050691
36750167750
36272677215
34393874946
36992354353
38315667724
32419199821
36231301256
34591569672
33626065104
39834677072
37856557636
33694924260
38911189154
44120023925
39619205401
37278508052
35847794111
35260832152
37048584672
30539105108
35170162063
34720256021
34682380165
37236316794
32564751934
36976271482
38880804292
34474444943
35243963366
36231302396
34222305002
34768316862
33620652821
36231303236
36272674775
32732093415
37368469236
32645314143
33733626285
35854658515
37342954072
36333997013
33700925114
36808187880
35854658305
43214147490
23910029478
24997571937
34731734236
34122522933
36105212363
37039756332
36603968763
37325646706
36373134394
35170297353
32352300430
37325650896
34885423314
34042171083
26516984519
36105216313
34393883666
36680125463
35730627263
34768311472
36465037560
32842299303
34545074740
26790765718
27506603289
37034005472
35938898636
35270392665
37578475842
35980651285
35532381590
35285568853
36205188873
34249811511
31802694144
27842053389
37205639755
37038049242
33317471821
34222305812
33694918850
34768318922
33570400583
38494311906
35468479313
33570378703
35308933643
36117127175
34121663453
36680121973
34222304732
34121669603
34222304532
38494311076
37266161206
36688509463
33570400293
34222304852
36272676545
33570377743
34891562206
37313567131
37034071022
34591986101
27506591829
34891408576
37077985481
35930733152
27506592859
33201458972
34222305242
36395605703
34222303852
39761743111
39767025495
33570378913
42025147194
25824565607
39059178950
29423847687
26998719518
39431640755
43721545904
43177608871
29750425088
43159425665
28688170027
31345649718
43393588640
25765957897
29304165167
29913807308
43050238594
26438907897
26839678808
43259289512
39878426294
40668668992
39356218215
27868996077
43767834555
39095310250
29149125088
40621387191
39431649135
28447836697
44255675841
28866206428
28581926438
29967517027
25996809457
42629777220
41013751434
40949924574
42459370554
26609023287
27457565687
41544015561
29612751208
43078719914
44739698682
40650847975
45013628601
27242177528
40890840180
42746695065
40074916865
29389895367
39951927102
41071825052
40552718874
40890841090
44434235111
42717176301
39694353285
41342578341
30916733098
30806624068
43476040071
27870592837
39694353905
41319629502
42455835385
43021113911
41791576110
39694353395
41342580691
41123192902
28439541077
27645566697
43021113701
44058023112
40628726714
41646473051
30062081658
39694353055
28530380937
40200942824
43997344532
26839333208
39501262080
26438907217
39284017024
39135163664
41473482731
41895871320
43021113531
40415118605
40001007394
28151501258
39501261600
26601535268
26438905907
42302188324
40689909952
40628726394
41700904580
29825314188
43021117811
40171639702
41299621142
40668670172
26509910898
41342576721
40628726224
41342576841
27772212069
41342579761
40342671994
43021112911
41210737170
43287231274
41268239532
44754117552
39661053385
41342579431
43021108851
28152605087
31406712448
31406709698
44069521094
43590143764
29371548047
43334533744
